BJD dmag e_dmag chk1 chk2 chk3
8101.051785115618 0.01679999999999815 0.0038202675880682027 0.3572999999999986 1.2316500000000001 1.4110499999999995
8101.052352251485 0.019633333333331393 0.0038202675880682027 0.3584000000000014 1.2384499999999985 1.4031499999999983
8101.052930957638 0.02373333333333072 0.00381051177665153 0.36739999999999995 1.2302000000000017 1.4023999999999983
8101.053509673569 0.015233333333332766 0.0038202675880682027 0.35885000000000034 1.2348499999999998 1.4062999999999999
8101.054076809436 0.01293333333333102 0.0038202675880682027 0.35749999999999815 1.2407000000000004 1.4018000000000015
8101.05467866594 0.020933333333333692 0.0038202675880682027 0.35660000000000025 1.2362000000000002 1.4071999999999996
8101.055245801806 0.02083333333333215 0.0038202675880682027 0.3544999999999998 1.2399499999999986 1.4055499999999999
8101.055824507959 0.020333333333331538 0.0038202675880682027 0.3561499999999995 1.2362000000000002 1.4076500000000003
8101.056403223891 0.017099999999999227 0.00381051177665153 0.3612000000000002 1.23855 1.4002499999999998
8101.056981930044 0.025466666666662974 0.0038202675880682027 0.3602500000000006 1.2303999999999995 1.4093499999999999
8101.05754906591 0.017499999999998295 0.0038202675880682027 0.3511500000000005 1.2393 1.4095499999999994
8101.058127772063 0.012600000000000833 0.0038202675880682027 0.3459000000000003 1.2367500000000007 1.417349999999999
8101.05870648846 0.02046666666666752 0.0038202675880682027 0.3589000000000002 1.2391000000000005 1.4019999999999992
8101.059285194147 0.0197666666666656 0.0038202675880682027 0.35994999999999955 1.2392499999999984 1.4008000000000003
8101.0598639003 0.02443333333333264 0.0038202675880682027 0.36650000000000027 1.2355999999999998 1.3979
8101.060431036167 0.022533333333333516 0.003830288645926193 0.3633500000000005 1.233649999999999 1.4030000000000005
8101.061009752564 0.022633333333331507 0.003830288645926193 0.357050000000001 1.2371000000000016 1.4058499999999992
8101.061600028537 0.020133333333332004 0.0038202675880682027 0.35914999999999964 1.2337999999999987 1.4070500000000017
8101.062167164404 0.021699999999999164 0.003830288645926193 0.35940000000000083 1.2391500000000004 1.4014499999999988
8101.062757450622 0.027966666666667805 0.0038202675880682027 0.35770000000000124 1.235949999999999 1.4063499999999998
8101.063324586488 0.024133333333331564 0.00381051177665153 0.3619999999999983 1.2375499999999988 1.400450000000001
8101.06390330242 0.02999999999999936 0.00381051177665153 0.3569999999999993 1.2418499999999995 1.4011500000000012
8101.064482008573 0.019366666666664756 0.0038202675880682027 0.35800000000000054 1.2410499999999995 1.40095
8101.06507229479 0.0240999999999989 0.0038202675880682027 0.3614999999999995 1.2417000000000016 1.396799999999999
8101.065639430657 0.021399999999998087 0.0038202675880682027 0.3597000000000019 1.2350999999999992 1.405199999999999
8101.06621813681 0.022299999999999542 0.0038202675880682027 0.35414999999999885 1.2433500000000013 1.4024999999999999
8101.066808422562 0.023299999999998988 0.003830288645926193 0.3603000000000005 1.2375000000000007 1.4022000000000006
8101.067375558894 0.027366666666663875 0.0038202675880682027 0.3597999999999981 1.2430000000000003 1.3971999999999998
8101.067965844646 0.01956666666666429 0.003830288645926193 0.35139999999999993 1.2508000000000017 1.3978000000000002
8101.068544550799 0.027566666666665185 0.0038202675880682027 0.3602500000000006 1.2376000000000005 1.402149999999999
8101.069123256952 0.023866666666664926 0.0038202675880682027 0.3623499999999993 1.2380499999999994 1.3996000000000013
8101.069701972883 0.025133333333332786 0.0038202675880682027 0.3561500000000013 1.2381499999999992 1.4057000000000013
8101.070280679036 0.030600000000001515 0.003830288645926193 0.3608999999999991 1.2378 1.4013000000000009
8101.070870964788 0.023666666666665392 0.003830288645926193 0.35559999999999903 1.2388000000000012 1.4055999999999997
8101.071449670941 0.024366666666665537 0.0038202675880682027 0.36519999999999975 1.2320499999999992 1.4027499999999993
8101.072028386872 0.037599999999997635 0.003830288645926193 0.3583499999999997 1.242750000000001 1.3988999999999994
8101.072607093025 0.023699999999999832 0.003830288645926193 0.3543000000000003 1.238249999999999 1.407449999999999
8101.073197378777 0.024933333333333252 0.003830288645926193 0.35930000000000106 1.239799999999999 1.4009
8101.07377608493 0.028866666666665708 0.0038202675880682027 0.35665000000000013 1.2421000000000006 1.4012499999999992
8101.074354791082 0.03183333333333138 0.0038202675880682027 0.35975 1.2391999999999985 1.4010499999999997
8101.074933507014 0.02756666666666696 0.0038202675880682027 0.36024999999999885 1.2391000000000005 1.4006500000000006
8101.075523793232 0.027166666666667894 0.0038202675880682027 0.3578499999999991 1.2356499999999997 1.4064999999999994
8101.076090929098 0.034366666666665324 0.0038202675880682027 0.3611500000000003 1.2383499999999987 1.4004999999999992
8101.0766696347855 0.02586666666666737 0.0038202675880682027 0.3559000000000001 1.2455499999999997 1.3985500000000002
8101.077259921003 0.02643333333333331 0.003830288645926193 0.35914999999999964 1.2438500000000001 1.3970000000000002
8101.07783862669 0.039766666666665174 0.0038202675880682027 0.3631000000000011 1.2378999999999998 1.3989999999999991
8101.078405762557 0.027866666666664486 0.0038202675880682027 0.35964999999999847 1.2373000000000012 1.4030500000000004
8101.078996048775 0.03136666666666699 0.0038202675880682027 0.3578500000000009 1.2387999999999995 1.4033499999999997
8101.079574754927 0.0305666666666653 0.0038202675880682027 0.3586000000000009 1.2348999999999997 1.4064999999999994
8101.080141890328 0.03196666666666559 0.0038202675880682027 0.3553000000000015 1.2341499999999979 1.4105500000000006
8101.080709026195 0.030700000000001282 0.0038202675880682027 0.35774999999999935 1.227599999999999 1.4146500000000017
8101.081287732348 0.035566666666664304 0.0038502525169713795 0.3602500000000006 1.2437499999999986 1.3960000000000008
8101.0818664482795 0.02273333333333305 0.0038502525169713795 0.3456499999999991 1.2345500000000005 1.4198000000000004
8101.082445153967 0.03916666666666657 0.003830288645926193 0.35665000000000013 1.2457000000000011 1.3976500000000005
8101.083023869898 0.033200000000000784 0.0038502525169713795 0.36074999999999946 1.2380999999999993 1.4011500000000012
8101.083602576051 0.03629999999999889 0.0038502525169713795 0.3592499999999994 1.2457499999999992 1.3949999999999996
8101.0841928622685 0.03493333333333126 0.0038502525169713795 0.3621500000000015 1.2342499999999994 1.403599999999999
8101.084771567956 0.031733333333331615 0.0038706875645319427 0.36155000000000115 1.239650000000001 1.3987999999999996
8101.085350273643 0.034699999999999065 0.0038706875645319427 0.3661499999999993 1.2340499999999999 1.3998000000000008
8101.08594055986 0.028366666666665097 0.003891586366052338 0.3569500000000012 1.23625 1.4068000000000005
8101.086519275792 0.03573333333333295 0.003891586366052338 0.3691999999999993 1.2266000000000012 1.4041999999999994
8101.087086411659 0.0354999999999972 0.003902563260217571 0.35774999999999935 1.2412500000000009 1.4009999999999998
8101.087665117346 0.0370333333333317 0.003891586366052338 0.36379999999999946 1.2339500000000019 1.4022500000000004
8101.0882438234985 0.03493333333333304 0.003912941490887784 0.36350000000000016 1.2380000000000013 1.3985000000000003
8101.08882253943 0.03326666666666611 0.003881437305374847 0.35965000000000025 1.2365500000000011 1.4038000000000004
8101.089401245117 0.03436666666666355 0.003830288645926193 0.36070000000000135 1.24465 1.3946499999999986
8101.08997995127 0.030133333333333567 0.0038502525169713795 0.3573500000000003 1.2366499999999991 1.4060000000000006
8101.090547086671 0.03599999999999959 0.003830288645926193 0.36045000000000016 1.239449999999998 1.4001000000000001
8101.091125802603 0.037499999999999645 0.003830288645926193 0.3582000000000001 1.2386999999999997 1.4031000000000002
8101.091727658641 0.03369999999999784 0.003830288645926193 0.35550000000000104 1.23705 1.407449999999999
8101.092294794507 0.040733333333331956 0.0038202675880682027 0.35914999999999964 1.2357499999999995 1.405100000000001
8101.09287350066 0.04070000000000107 0.0038202675880682027 0.359099999999998 1.2363 1.4046000000000003
8101.093463786412 0.037466666666665205 0.0038202675880682027 0.3597999999999999 1.2373000000000012 1.4029000000000007
8101.094030922279 0.04379999999999917 0.0038202675880682027 0.3582000000000001 1.2376499999999986 1.4041500000000013
8101.094621208031 0.05053333333333221 0.0038202675880682027 0.3600500000000011 1.2402499999999996 1.3996999999999993
8101.0951999141835 0.04746666666666499 0.0038202675880682027 0.358900000000002 1.2386499999999998 1.4024499999999982
8101.096079553012 0.05519999999999747 0.0038202675880682027 0.358649999999999 1.2401999999999997 1.4011499999999995
8101.096658268943 0.05903333333333194 0.00381051177665153 0.3592999999999993 1.2368000000000006 1.4039000000000001
8101.097225394566 0.06106666666666527 0.00381051177665153 0.35769999999999946 1.242849999999999 1.3994499999999999
8101.097804110497 0.06976666666666631 0.00381051177665153 0.3597999999999999 1.2396999999999991 1.400500000000001
8101.098382816184 0.07003333333333295 0.0038202675880682027 0.3562999999999992 1.2395000000000014 1.4042000000000012
8101.098961532116 0.07766666666666566 0.0038202675880682027 0.3567999999999998 1.243450000000001 1.3997499999999992
8101.099540237803 0.08236666666666714 0.0038202675880682027 0.3623499999999993 1.2368499999999987 1.400800000000002
8101.10011894349 0.08309999999999818 0.0038202675880682027 0.36239999999999917 1.2354000000000003 1.4022000000000006
8101.100697659422 0.0886666666666649 0.0038202675880682027 0.3547000000000011 1.2452499999999986 1.4000500000000002
8101.101264795288 0.09773333333333234 0.0038202675880682027 0.35599999999999987 1.2469999999999999 1.3970000000000002
8101.1018435009755 0.103766666666667 0.0038202675880682027 0.3600999999999992 1.2407499999999985 1.3991500000000006
8101.1024337867275 0.11040000000000205 0.0038202675880682027 0.35444999999999993 1.2383999999999986 1.4071500000000015
8101.10301249288 0.11720000000000041 0.0038202675880682027 0.3523499999999995 1.236600000000001 1.4110499999999995
8101.103591208346 0.12703333333332978 0.00381051177665153 0.35570000000000057 1.2403999999999993 1.4039000000000001
8101.104181484319 0.1355000000000004 0.0038202675880682027 0.3556499999999989 1.2445500000000003 1.3998000000000008
8101.104748620186 0.1377333333333315 0.0038202675880682027 0.35465000000000124 1.2396499999999993 1.4056999999999995
8101.105327336118 0.14656666666666496 0.0038202675880682027 0.3565000000000005 1.2385000000000002 1.4049999999999994
8101.105906041805 0.14716666666666534 0.0038202675880682027 0.3595000000000006 1.23325 1.4072499999999994
8101.106484747492 0.15336666666666687 0.0038202675880682027 0.36249999999999893 1.2402999999999995 1.3971999999999998
8101.107063463423 0.16740000000000066 0.0038202675880682027 0.3569999999999993 1.2452999999999985 1.3977000000000022
8101.107653749175 0.170399999999999 0.0038202675880682027 0.3672000000000004 1.2375000000000007 1.3952999999999989
8101.108220885042 0.1899999999999995 0.00381051177665153 0.35714999999999897 1.236600000000001 1.40625
8101.108811161015 0.19259999999999877 0.00381051177665153 0.36209999999999987 1.2325500000000016 1.4053500000000003
8101.109378296416 0.19613333333333394 0.00381051177665153 0.3562999999999992 1.2402499999999996 1.4034500000000012
8101.109957012348 0.2135666666666669 0.00381051177665153 0.3611499999999985 1.234300000000001 1.4045500000000004
8101.110535718035 0.22183333333333266 0.00381051177665153 0.3569000000000013 1.2300500000000003 1.4130500000000001
8101.111114423722 0.22636666666666727 0.00381051177665153 0.3650500000000001 1.2326500000000014 1.4022999999999985
8101.111693139654 0.23203333333333376 0.00381051177665153 0.3576499999999996 1.2375500000000006 1.4047999999999998
8101.112607498653 0.2539999999999978 0.00381051177665153 0.3619500000000002 1.2337500000000006 1.4042999999999992
8101.113197784405 0.2621333333333329 0.00381051177665153 0.3620000000000019 1.23395 1.4040499999999998
8101.113776490092 0.2738666666666667 0.00381051177665153 0.36400000000000077 1.2302499999999998 1.4057499999999994
8101.114355195779 0.2799999999999976 0.00381051177665153 0.36180000000000057 1.236600000000001 1.4016000000000002
8101.114922331646 0.2922666666666647 0.00381051177665153 0.3628 1.2363999999999997 1.4008000000000003
8101.115501047578 0.3009999999999984 0.00381051177665153 0.3583499999999997 1.2406499999999987 1.4010000000000016
8101.116079753265 0.3130999999999986 0.00381051177665153 0.36239999999999917 1.2314999999999987 1.4061000000000003
8101.116670039017 0.3168333333333333 0.00381051177665153 0.35720000000000063 1.2440000000000015 1.3987999999999996
8101.117237174418 0.32673333333333154 0.00381051177665153 0.3591500000000014 1.2357499999999995 1.4050999999999991
8101.11782746017 0.3308666666666671 0.00381051177665153 0.3606999999999996 1.2323499999999985 1.4069500000000001
8101.1184061663225 0.34029999999999916 0.00381051177665153 0.3631499999999992 1.2289499999999993 1.4078999999999997
8101.11898487201 0.3586333333333336 0.00381051177665153 0.36020000000000074 1.2348499999999998 1.4049500000000013
8101.119563587476 0.3635999999999999 0.00381051177665153 0.36105000000000054 1.238100000000001 1.4008500000000002
8101.1201538732275 0.3744999999999994 0.00381051177665153 0.3565499999999986 1.2390000000000008 1.4044500000000006
8101.120732578915 0.38656666666666517 0.00381051177665153 0.3614499999999996 1.2401499999999999 1.3983999999999988
8101.121299714781 0.39223333333333166 0.00381051177665153 0.3618499999999987 1.2375500000000006 1.4006000000000007
8101.121878420468 0.39459999999999873 0.00381051177665153 0.3589499999999983 1.2405000000000008 1.4005500000000008
8101.122457135934 0.4042333333333339 0.00381051177665153 0.35975 1.2402499999999996 1.4000000000000004
8101.1230358416215 0.40949999999999953 0.0038202675880682027 0.35625000000000107 1.2427499999999991 1.4010000000000016
8101.1236145473085 0.4252333333333329 0.00381051177665153 0.36439999999999984 1.2337999999999987 1.4017999999999997
8101.12419326324 0.4347333333333321 0.00381051177665153 0.36275000000000013 1.2428000000000008 1.394449999999999
8101.124771968927 0.42873333333333186 0.00381051177665153 0.3652999999999995 1.2373999999999992 1.3972999999999995
8101.125362254679 0.44049999999999834 0.00381051177665153 0.3656999999999986 1.2325500000000016 1.4017500000000016
8101.125940960366 0.45423333333333105 0.00381051177665153 0.36439999999999984 1.2287 1.4069000000000003
8101.126508095767 0.45906666666666673 0.00381051177665153 0.3603999999999985 1.2371499999999997 1.4024500000000018
8101.127098381519 0.45923333333333183 0.0038202675880682027 0.35749999999999815 1.237400000000001 1.405100000000001
8101.127665517386 0.46713333333333296 0.00381051177665153 0.36050000000000004 1.23785 1.40165
8101.128244223073 0.4648666666666674 0.00381051177665153 0.3591999999999995 1.2375999999999987 1.4032
8101.128822938539 0.47663333333333213 0.00381051177665153 0.35720000000000063 1.236950000000002 1.4058499999999992
8101.129401644226 0.47699999999999854 0.00381051177665153 0.3637499999999996 1.2302999999999997 1.405949999999999
8101.129980349913 0.48263333333333414 0.00381051177665153 0.36050000000000004 1.233649999999999 1.405850000000001
8101.130559065379 0.4841333333333324 0.00381051177665153 0.36604999999999954 1.23245 1.4015000000000004
8101.131137771066 0.48389999999999844 0.00381051177665153 0.35850000000000115 1.239749999999999 1.4017499999999998
8101.131716486998 0.4892000000000003 0.00381051177665153 0.35999999999999943 1.2384000000000022 1.4015999999999984
8101.132295192685 0.4938333333333347 0.00381051177665153 0.36125000000000007 1.2417499999999997 1.3970000000000002
8101.132873897906 0.4871666666666652 0.00381051177665153 0.35845000000000127 1.2417999999999978 1.399750000000001
8101.133452613838 0.49403333333333244 0.00381051177665153 0.3689 1.2362000000000002 1.3948999999999998
8101.134031319525 0.49210000000000065 0.00381051177665153 0.36134999999999984 1.2394499999999997 1.3992000000000004
8101.134621605277 0.4946333333333328 0.00381051177665153 0.35930000000000106 1.2407000000000004 1.3999999999999986
8101.135200310964 0.49019999999999975 0.00381051177665153 0.35939999999999905 1.2390000000000008 1.4016000000000002
8101.13577902643 0.4906666666666659 0.00381051177665153 0.36880000000000024 1.234 1.3972000000000016
8101.136346161831 0.49683333333333124 0.00381051177665153 0.35975 1.2342499999999994 1.4059999999999988
8101.136936437804 0.49159999999999826 0.00381051177665153 0.3640499999999989 1.2340499999999999 1.4019000000000013
8101.13751515327 0.479000000000001 0.00381051177665153 0.36405000000000065 1.237350000000001 1.3986
8101.138082288671 0.4811333333333341 0.00381051177665153 0.36275000000000013 1.2336500000000008 1.403599999999999
8101.138660994358 0.4769333333333332 0.00381051177665153 0.36439999999999984 1.2337999999999987 1.4017999999999997
8101.139239700045 0.4756666666666671 0.00381051177665153 0.3595000000000006 1.2345999999999986 1.4059000000000008
8101.139829985797 0.4662999999999986 0.00381051177665153 0.35684999999999967 1.240499999999999 1.4026499999999995
8101.140408701263 0.46773333333333333 0.00381051177665153 0.3606499999999997 1.2342499999999994 1.405100000000001
8101.14098740695 0.45826666666666505 0.00381051177665153 0.3581499999999984 1.2401499999999999 1.4017
8101.142133248039 0.44683333333333053 0.00381051177665153 0.3645499999999995 1.2334999999999994 1.4019500000000011
8101.142711963505 0.43799999999999706 0.00381051177665153 0.3669000000000011 1.238699999999998 1.394400000000001
8101.143302239012 0.4352333333333327 0.00381051177665153 0.3573500000000003 1.2416 1.4010499999999997
8101.143880954944 0.4317000000000011 0.00381051177665153 0.36554999999999893 1.2349499999999995 1.3995000000000015
8101.14447124023 0.42703333333333227 0.00381051177665153 0.35765000000000136 1.2411499999999993 1.4011999999999993
8101.145049945917 0.4114333333333313 0.00381051177665153 0.36575000000000024 1.2402499999999996 1.3939999999999984
8101.145617081318 0.40310000000000024 0.00381051177665153 0.3533999999999988 1.2431999999999999 1.4034000000000013
8101.146195787005 0.39496666666666513 0.00381051177665153 0.3604000000000003 1.2392500000000002 1.4003500000000013
8101.146774502471 0.38790000000000013 0.00381051177665153 0.3643499999999982 1.2315000000000005 1.4041500000000013
8101.147353208158 0.38129999999999953 0.00381051177665153 0.3637499999999996 1.2325499999999998 1.4037000000000006
8101.147931913845 0.3717666666666659 0.00381051177665153 0.35904999999999987 1.237 1.40395
8101.148510629311 0.35513333333333286 0.00381051177665153 0.3623000000000012 1.227500000000001 1.4101999999999997
8101.149089334998 0.3509999999999991 0.00381051177665153 0.3648000000000007 1.2337499999999988 1.4014500000000005
8101.149679620285 0.341566666666667 0.00381051177665153 0.36100000000000065 1.237449999999999 1.4015500000000003
8101.150258325972 0.32783333333333253 0.00381051177665153 0.35930000000000106 1.234399999999999 1.4062999999999999
8101.150837041438 0.31453333333333333 0.00381051177665153 0.36214999999999975 1.2333499999999997 1.4045000000000005
8101.151415747125 0.3122999999999987 0.00381051177665153 0.35999999999999943 1.2363000000000017 1.4036999999999988
8101.151994452812 0.30446666666666644 0.00381051177665153 0.36160000000000103 1.238949999999999 1.399449999999998
8101.152584738098 0.29156666666666453 0.00381051177665153 0.3578500000000009 1.2323500000000003 1.4097999999999988
8101.153151873499 0.28346666666666387 0.00381051177665153 0.3650500000000001 1.2338500000000003 1.4010999999999996
8101.153730579186 0.26893333333333125 0.00381051177665153 0.36350000000000016 1.23785 1.3986499999999982
8101.154309294652 0.25673333333333126 0.00381051177665153 0.36079999999999934 1.235149999999999 1.4040499999999998
8101.154888000339 0.24933333333333252 0.00381051177665153 0.3650000000000002 1.2388999999999992 1.3960999999999988
8101.155466715805 0.23696666666666566 0.00381051177665153 0.3537999999999979 1.2391000000000005 1.4071000000000016
8101.156056991313 0.2281333333333322 0.00381051177665153 0.3647000000000009 1.2342499999999994 1.4010499999999997
8101.156635706779 0.22130000000000116 0.00381051177665153 0.35384999999999955 1.2376500000000004 1.4085000000000019
8101.157214412466 0.21829999999999927 0.00381051177665153 0.3637499999999996 1.2321000000000009 1.4041499999999996
8101.157804697752 0.20283333333333253 0.00381051177665153 0.357050000000001 1.2391999999999985 1.4037500000000005
8101.158383403439 0.1935333333333329 0.00381051177665153 0.3618499999999987 1.2336500000000008 1.4045000000000005
8101.15895053884 0.18899999999999828 0.00381051177665153 0.36495000000000033 1.2343499999999992 1.4007000000000005
8101.159529254306 0.18783333333333196 0.00381051177665153 0.36439999999999984 1.2315500000000021 1.404049999999998
8101.160107959993 0.17143333333333288 0.00381051177665153 0.3600499999999993 1.2318500000000014 1.408100000000001
8101.160686665215 0.16250000000000142 0.00381051177665153 0.3584999999999994 1.2380999999999993 1.4034000000000013
8101.161265380681 0.16146666666666398 0.00381051177665153 0.3631000000000011 1.2378999999999998 1.3989999999999991
8101.161844086368 0.15539999999999843 0.00381051177665153 0.3553499999999996 1.2386999999999997 1.405949999999999
8101.162411221769 0.1393333333333313 0.00381051177665153 0.35809999999999853 1.2392000000000003 1.4027000000000012
8101.163001507055 0.13663333333333227 0.00381051177665153 0.36710000000000065 1.2345500000000005 1.3983500000000006
8101.163580212742 0.1274333333333324 0.00381051177665153 0.3617000000000008 1.2317 1.4065999999999992
8101.164158928208 0.125966666666665 0.00381051177665153 0.3564999999999987 1.2428500000000007 1.4006500000000006
8101.1647376334295 0.11976666666666702 0.00381051177665153 0.3561999999999994 1.2377500000000001 1.4060500000000022
8101.1653163391165 0.11463333333333203 0.00381051177665153 0.36050000000000004 1.2318499999999997 1.4076500000000003
8101.1658950545825 0.10386666666666677 0.00381051177665153 0.36625000000000085 1.2341499999999996 1.3995999999999995
8101.166462189984 0.09826666666666384 0.00381051177665153 0.364749999999999 1.2312999999999992 1.40395
8101.167040895205 0.09439999999999849 0.00381051177665153 0.3688500000000001 1.232549999999998 1.3986
8101.167619600892 0.09339999999999904 0.00381051177665153 0.3653999999999993 1.2359999999999989 1.3986
8101.168209886178 0.08839999999999826 0.00381051177665153 0.3651 1.2349499999999995 1.3999499999999987
8101.168777021579 0.08396666666666519 0.00381051177665153 0.36460000000000115 1.2365499999999994 1.3988499999999995
8101.169367307331 0.07666666666666444 0.00381051177665153 0.36100000000000065 1.2378999999999998 1.4010999999999996
8101.1699344427325 0.07213333333332983 0.00381051177665153 0.3624500000000008 1.2417499999999997 1.3957999999999995
8101.170524728019 0.062233333333331586 0.00381051177665153 0.3540499999999991 1.2391999999999985 1.4067500000000006
8101.17110343324 0.062466666666663784 0.00381051177665153 0.36100000000000065 1.235050000000001 1.4039499999999983
8101.171682138927 0.06679999999999708 0.00381051177665153 0.3612000000000002 1.2357000000000014 1.4030999999999985
8101.172260854393 0.05423333333333247 0.00381051177665153 0.35854999999999926 1.2354500000000002 1.4060000000000006
8101.172839559615 0.05586666666666318 0.00381051177665153 0.364749999999999 1.2307000000000006 1.4045500000000004
8101.173406695016 0.04969999999999786 0.00381051177665153 0.36870000000000047 1.2309 1.4003999999999994
8101.173985400237 0.05356666666666676 0.00381051177665153 0.35304999999999964 1.2361000000000004 1.41085
8101.174575685989 0.047699999999998965 0.00381051177665153 0.35969999999999835 1.2360000000000007 1.404300000000001
8101.17514282139 0.04963333333333253 0.00381051177665153 0.36065000000000147 1.234399999999999 1.4049499999999995
8101.175721536856 0.04423333333333268 0.00381051177665153 0.35540000000000127 1.2381499999999992 1.4064499999999995
8101.176300242078 0.04049999999999798 0.0038202675880682027 0.3612000000000002 1.2395999999999994 1.3992000000000004
8101.176878947299 0.04710000000000214 0.00381051177665153 0.3582000000000001 1.246649999999999 1.395150000000001
8101.177457662765 0.04273333333333085 0.00381051177665153 0.35570000000000057 1.2414500000000004 1.402849999999999
8101.178047938272 0.04803333333333093 0.00381051177665153 0.35524999999999984 1.2390499999999989 1.4056999999999995
8101.178626653738 0.046133333333331805 0.00381051177665153 0.3594500000000007 1.23785 1.4026999999999994
8101.179216939025 0.04469999999999885 0.0038202675880682027 0.3553499999999996 1.236749999999999 1.4078999999999997
8101.179795644712 0.04583333333333428 0.00381051177665153 0.3586999999999989 1.2351500000000009 1.4061500000000002
8101.180374349933 0.03850000000000087 0.00381051177665153 0.35715000000000074 1.2356999999999996 1.4071499999999997
8101.180964635685 0.04633333333333134 0.00381051177665153 0.3600500000000011 1.2355999999999998 1.404349999999999
8101.1815317706205 0.04276666666666529 0.00381051177665153 0.35605000000000153 1.2400000000000002 1.40395
8101.182098906022 0.04163333333333341 0.0038202675880682027 0.35435000000000016 1.2399500000000003 1.4056999999999995
8101.182677611243 0.044433333333332214 0.0038202675880682027 0.35524999999999984 1.2402499999999996 1.4045000000000005
8101.183256326709 0.044266666666665344 0.0038202675880682027 0.3570999999999991 1.234300000000001 1.4085999999999999
8101.183846611995 0.04073333333333018 0.00381051177665153 0.3587000000000007 1.2347000000000001 1.4065999999999992
8101.184413737617 0.048599999999998644 0.00381051177665153 0.35939999999999905 1.2434999999999992 1.3971
8101.184992452618 0.04753333333333032 0.0038202675880682027 0.36275000000000013 1.2338000000000005 1.4034500000000012
8101.185559588019 0.044766666666665955 0.00381051177665153 0.3561999999999994 1.234 1.4098000000000006
8101.18613829324 0.040966666666667706 0.00381051177665153 0.35875000000000057 1.2380499999999994 1.4032000000000018
8101.186717008706 0.042166666666666686 0.0038202675880682027 0.356799999999998 1.2376000000000005 1.4056000000000015
8101.187307284214 0.04373333333333207 0.0038202675880682027 0.36274999999999835 1.241150000000001 1.3961000000000006
8101.18788599968 0.03836666666666666 0.0038202675880682027 0.3528999999999982 1.2409 1.406200000000002
8101.188476274721 0.04529999999999923 0.0038202675880682027 0.3496499999999987 1.2433500000000013 1.407
8101.189043410122 0.04313333333333347 0.00381051177665153 0.35885000000000034 1.231399999999999 1.4097500000000007
8101.189633695409 0.047699999999998965 0.0038202675880682027 0.3512999999999984 1.2485999999999997 1.400100000000002
8101.190212410875 0.04320000000000057 0.0038202675880682027 0.35490000000000066 1.2403499999999994 1.40475
8101.190791116096 0.04383333333333361 0.0038202675880682027 0.36275000000000013 1.2326000000000015 1.4046500000000002
8101.191346681211 0.035199999999999676 0.0038202675880682027 0.35970000000000013 1.2379499999999997 1.4023500000000002
8101.191925386898 0.040866666666664386 0.0038202675880682027 0.3650500000000001 1.232800000000001 1.402149999999999
8101.1925156721845 0.04606666666666648 0.00381051177665153 0.3591999999999995 1.2391000000000005 1.4017
8101.193094377406 0.04079999999999906 0.0038202675880682027 0.3625499999999988 1.2361499999999985 1.4013000000000009
8101.193661512807 0.04096666666666415 0.0038202675880682027 0.3605499999999999 1.2361000000000004 1.4033499999999997
8101.194240218028 0.03670000000000151 0.0038202675880682027 0.3583499999999997 1.2360000000000007 1.4056499999999996
8101.194818933029 0.043499999999998096 0.00381051177665153 0.35909999999999975 1.2371999999999996 1.4037000000000006
8101.195397638716 0.04173333333333318 0.0038202675880682027 0.36380000000000123 1.2333499999999997 1.402849999999999
8101.195976343937 0.04016666666666602 0.0038202675880682027 0.35904999999999987 1.2308500000000002 1.4101
8101.1965550589375 0.041966666666665375 0.0038202675880682027 0.35605000000000153 1.2413499999999988 1.4025999999999996
8101.1971453446895 0.041333333333332334 0.0038202675880682027 0.3592999999999993 1.2338000000000005 1.4068999999999985
8101.197724049911 0.0410666666666657 0.0038202675880682027 0.3547000000000011 1.2318999999999996 1.4133999999999993
8101.198314335197 0.04289999999999772 0.0038202675880682027 0.3661499999999993 1.23555 1.398299999999999
8101.198893040419 0.042333333333333556 0.0038202675880682027 0.3548000000000009 1.2422000000000004 1.4029999999999987
8101.199471755885 0.03823333333333245 0.0038202675880682027 0.3567499999999999 1.2386 1.4046500000000002
8101.200050461106 0.044099999999998474 0.0038202675880682027 0.35909999999999975 1.236600000000001 1.4042999999999992
8101.200629166327 0.03679999999999772 0.003830288645926193 0.35580000000000034 1.2373499999999993 1.4068500000000004
8101.201219451614 0.037666666666666515 0.0038202675880682027 0.3662499999999991 1.2299500000000005 1.4038000000000004
8101.201786587015 0.034833333333331495 0.0038202675880682027 0.3617000000000008 1.234849999999998 1.4034499999999994
8101.20235372195 0.03616666666666646 0.0038202675880682027 0.35575000000000045 1.2316000000000003 1.4126499999999993
8101.202932427172 0.039499999999998536 0.0038202675880682027 0.3616500000000009 1.2348 1.4035499999999992
8101.203522712458 0.034133333333329574 0.0038202675880682027 0.35195000000000043 1.2451999999999988 1.402849999999999
8101.20412456803 0.03350000000000186 0.003830288645926193 0.3605999999999998 1.2396000000000011 1.3998000000000008
8101.204691703431 0.03916666666666657 0.0038202675880682027 0.360850000000001 1.2417999999999996 1.3973499999999994
8101.205258838367 0.03513333333333257 0.0038202675880682027 0.3623000000000012 1.2373999999999992 1.4002999999999997
8101.205849123653 0.03376666666666672 0.003830288645926193 0.3622000000000014 1.2338500000000003 1.40395
8101.206427828874 0.04079999999999728 0.0038202675880682027 0.35595 1.2396000000000011 1.4044499999999989
8101.20700654434 0.03303333333333036 0.0038202675880682027 0.36020000000000074 1.2332000000000019 1.4065999999999992
8101.207596829627 0.03543333333333187 0.003830288645926193 0.35224999999999973 1.235149999999999 1.4126000000000012
8101.208163954783 0.039933333333332044 0.0038202675880682027 0.3678500000000007 1.2296000000000014 1.4025499999999997
8101.2087426697835 0.03789999999999871 0.0038202675880682027 0.3517499999999991 1.2408000000000001 1.4074500000000008
8101.20933295507 0.043699999999999406 0.0038202675880682027 0.3643499999999982 1.2340499999999999 1.401600000000002
8101.209923230577 0.03529999999999944 0.0038202675880682027 0.35745000000000005 1.2384000000000004 1.4041500000000013
8101.210490365513 0.032399999999999096 0.003830288645926193 0.3637499999999996 1.2349499999999995 1.4013000000000009
8101.211080650799 0.037333333333332774 0.003830288645926193 0.3656000000000006 1.2321500000000007 1.4022500000000004
8101.211659366265 0.033700000000001396 0.003830288645926193 0.3622499999999995 1.2348 1.4029500000000006
8101.212249641772 0.03103333333333147 0.003830288645926193 0.3631999999999991 1.2308000000000003 1.4060000000000006
8101.212816776708 0.03736666666666544 0.003830288645926193 0.36715000000000053 1.2357999999999993 1.3970500000000001
8101.213407061994 0.03463333333333196 0.003830288645926193 0.35389999999999944 1.2353000000000005 1.4108
8101.2139857672155 0.03149999999999942 0.003830288645926193 0.3644999999999996 1.2383999999999986 1.3971
8101.214564482216 0.031033333333335023 0.003830288645926193 0.35195000000000043 1.2429500000000004 1.405100000000001
8101.215143187437 0.02979999999999805 0.003830288645926193 0.3589499999999983 1.2341999999999995 1.4068500000000004
8101.215721902903 0.028233333333332666 0.003830288645926193 0.35570000000000057 1.25075 1.3935499999999994
8101.216312177945 0.03500000000000014 0.003830288645926193 0.36270000000000024 1.2328499999999991 1.4044500000000006
8101.216879313346 0.03410000000000046 0.0038202675880682027 0.3579000000000008 1.2402000000000015 1.4018999999999995
8101.217469598632 0.03463333333333374 0.003830288645926193 0.35975 1.2355999999999998 1.4046500000000002
8101.218059883919 0.03666666666666529 0.003830288645926193 0.36325000000000074 1.2488499999999991 1.3879000000000001
8101.21863858914 0.030266666666665998 0.003830288645926193 0.3562000000000012 1.2383500000000005 1.4054499999999983
8101.21921730414 0.026699999999999946 0.0038502525169713795 0.35520000000000174 1.2429000000000006 1.4018999999999995
8101.219796009362 0.028666666666664398 0.003830288645926193 0.35410000000000075 1.2356499999999997 1.4102499999999996
8101.220374714583 0.02556666666666807 0.003830288645926193 0.3590499999999981 1.2333999999999996 1.4075500000000023
8101.2209649998695 0.037799999999998946 0.003830288645926193 0.36269999999999847 1.2334499999999995 1.4038500000000003
8101.221543705091 0.0389999999999997 0.003830288645926193 0.36045000000000016 1.2302999999999997 1.4092500000000001
8101.222110840026 0.025866666666665594 0.0038202675880682027 0.35439999999999827 1.2400000000000002 1.4055999999999997
8101.222689555027 0.03973333333333251 0.0038202675880682027 0.36575000000000024 1.2347000000000001 1.3995499999999996
8101.223279840313 0.03623333333333356 0.0038202675880682027 0.35975 1.2379999999999995 1.4022500000000004
8101.223846975714 0.02696666666666836 0.003830288645926193 0.3567999999999998 1.2437499999999986 1.3994500000000016
