# BJD           FLUX       E_FLUX     FLAG  
  8468.287023   1.001877   0.001659   0     
  8468.307836   0.97097    0.001642   0     
  8468.328649   0.855411   0.001584   0     
  8468.349523   0.826677   0.00157    0     
  8468.370336   0.933829   0.001624   0     
  8468.391149   0.854111   0.001586   1     
  8468.412023   0.998329   0.001657   0     
  8468.432836   0.997605   0.001657   0     
  8468.453649   1.002162   0.001658   0     
  8468.474524   1.003623   0.001659   0     
  8468.495337   1.001536   0.001659   0     
  8468.51615    0.99993    0.00166    0     
  8468.537024   0.993112   0.001653   0     
  8468.557837   0.992344   0.001654   0     
  8468.57865    0.985596   0.001651   0     
  8468.599524   0.983604   0.00165    0     
  8468.620337   0.980004   0.001647   0     
  8468.64115    0.972201   0.001644   0     
  8468.662024   0.966888   0.00164    0     
  8468.682837   0.959086   0.001636   0     
  8468.70365    0.949901   0.001633   0     
  8468.724524   0.943704   0.001627   0     
  8468.745337   0.843976   0.001576   0     
  8468.76615    0.677648   0.001484   0     
  8468.787024   0.737787   0.001518   0     
  8468.807837   0.910882   0.001612   0     
  8468.82865    0.948119   0.001629   0     
  8468.849524   0.957348   0.001633   0     
  8468.870337   0.962527   0.001636   0     
  8468.89115    0.967592   0.00164    0     
  8468.912024   0.975681   0.001643   0     
  8468.932837   0.981929   0.001649   0     
  8468.95365    0.98571    0.001646   1     
  8468.974524   0.987828   0.001648   0     
  8468.995337   0.989785   0.001654   0     
  8469.01615    0.995853   0.001651   0     
  8469.037024   0.996681   0.00165    0     
  8469.057837   0.996345   0.001651   0     
  8469.07865    1.011181   0.00166    1     
  8469.099524   0.998053   0.001651   0     
  8469.120398   0.991224   0.001649   0     
  8469.141212   0.995312   0.00165    0     
  8469.162025   0.981792   0.001644   0     
  8469.182899   0.880202   0.00159    0     
  8469.203712   0.822533   0.001559   0     
  8469.224525   0.900636   0.001602   0     
  8469.245399   0.991574   0.001649   0     
  8469.266212   0.997693   0.001649   0     
  8469.287025   0.995855   0.001651   0     
  8469.307899   1.002797   0.001649   0     
  8469.328712   1.004748   0.001651   0     
  8469.349525   1.003377   0.001651   0     
  8469.370399   1.0031     0.001651   0     
  8469.391212   1.003556   0.001649   0     
  8469.412025   0.994294   0.001647   0     
  8469.432899   0.993573   0.001646   0     
  8469.453713   0.990422   0.001643   0     
  8469.474526   0.986112   0.001641   0     
  8469.4954     0.979939   0.001638   0     
  8469.516213   0.975531   0.001636   0     
  8469.537026   0.965559   0.001629   0     
  8469.5579     0.959028   0.001625   0     
  8469.578713   0.952126   0.001623   0     
  8469.599526   0.886546   0.00159    0     
  8469.6204     0.705055   0.001492   0     
  8469.641213   0.702535   0.00149    0     
  8469.662026   0.884314   0.001586   0     
  8469.6829     0.954996   0.001623   0     
  8469.703713   0.960547   0.001626   0     
  8469.724526   0.963097   0.001627   0     
  8469.7454     0.972771   0.001632   0     
  8469.766213   0.982465   0.001636   0     
  8469.787026   0.985123   0.001639   0     
  8469.8079     0.99338    0.001642   0     
  8469.828713   0.995262   0.001642   0     
  8469.849526   0.995811   0.001642   0     
  8469.8704     0.996994   0.001645   0     
  8469.891213   0.996713   0.001645   0     
  8469.912026   1.00263    0.001647   0     
  8469.932901   0.998755   0.001644   0     
  8469.953714   1.002863   0.001646   0     
  8469.974527   1.002185   0.001645   0     
  8469.995401   0.999354   0.001645   0     
  8470.016214   0.995802   0.001642   0     
  8470.037027   0.912226   0.0016     0     
  8470.057901   0.826914   0.001556   0     
  8470.078714   0.875538   0.00158    0     
  8470.099527   0.984789   0.001637   0     
  8470.120401   0.999324   0.001643   0     
  8470.141214   1.001298   0.001645   0     
  8470.162027   1.002985   0.001645   0     
  8470.182901   1.002048   0.001645   0     
  8470.203714   1.003683   0.001646   0     
  8470.224527   1.00308    0.001645   0     
  8470.245402   1.004786   0.001645   0     
  8470.266215   1.000829   0.001644   0     
  8470.287028   0.995157   0.001642   0     
  8470.307902   0.993727   0.00164    0     
  8470.328715   0.983745   0.001635   0     
  8470.349528   0.976856   0.001631   0     
  8470.370402   0.972518   0.00163    0     
  8470.391215   0.968364   0.001626   0     
  8470.412028   0.961586   0.001624   0     
  8470.432902   0.956083   0.00162    0     
  8470.453715   0.921356   0.001603   0     
  8470.474528   0.741139   0.001508   0     
  8470.495403   0.675467   0.001473   0     
  8470.516216   0.842835   0.001562   0     
  8470.537029   0.951416   0.001618   0     
  8470.557903   0.959038   0.001623   0     
  8470.578716   0.962569   0.001623   0     
  8470.599529   0.973315   0.001628   0     
  8470.620403   0.9771     0.001631   0     
  8470.641216   0.982215   0.001634   0     
  8470.662029   0.986771   0.001635   0     
  8470.682903   0.99102    0.001637   0     
  8470.703716   0.995786   0.001641   0     
  8470.724529   1.000643   0.001642   0     
  8470.745403   0.999185   0.001641   0     
  8470.766216   1.001762   0.001642   0     
  8470.787029   0.99853    0.001641   0     
  8470.807903   1.004259   0.001643   0     
  8470.828716   0.997019   0.001641   0     
  8470.849529   1.000992   0.001643   0     
  8470.870404   0.996734   0.00164    0     
  8470.891217   0.938322   0.00161    0     
  8470.91203    0.835179   0.001558   0     
  8470.932904   0.856007   0.001567   0     
  8470.953717   0.964957   0.001623   0     
  8470.97453    0.996173   0.001639   0     
  8470.995404   1.001371   0.001643   0     
  8471.016217   1.000695   0.001642   0     
  8471.03703    1.003497   0.001645   0     
  8471.057904   1.003983   0.001643   0     
  8471.078717   1.004939   0.001643   0     
  8471.09953    1.001082   0.00164    0     
  8471.120404   1.003823   0.001645   0     
  8471.141218   1.005871   0.001643   0     
  8471.162031   0.993606   0.001638   0     
  8471.182905   0.993963   0.001637   0     
  8471.203718   0.982131   0.001632   0     
  8471.224531   0.978294   0.001633   0     
  8471.245405   0.970199   0.001627   0     
  8471.266218   0.960469   0.001621   0     
  8471.287031   0.956086   0.001618   0     
  8471.307905   0.940399   0.00161    0     
  8471.328718   0.785826   0.001531   0     
  8471.349532   0.667744   0.001465   0     
  8471.370406   0.79656    0.001537   0     
  8471.391219   0.938255   0.001614   0     
  8471.412032   0.957693   0.001621   0     
  8471.432906   0.966557   0.001623   0     
  8471.453719   0.968105   0.001625   0     
  8471.474532   0.973132   0.001628   0     
  8471.495406   0.978954   0.001629   0     
  8471.516219   0.841686   0.001561   1     
  8471.537032   0.982234   0.001628   1     
  8471.557906   0.989235   0.001633   0     
  8471.578719   0.996121   0.001637   0     
  8471.599533   0.99631    0.001637   1     
  8471.620407   0.994947   0.001635   0     
  8471.64122    0.997422   0.001639   1     
  8471.662033   0.996301   0.001639   1     
  8471.682907   0.996229   0.001637   1     
  8471.70372    0.992287   0.001636   0     
  8471.724533   0.99835    0.00164    0     
  8471.745346   0.957594   0.00162    0     
  8471.766159   0.848068   0.001561   0     
  8471.787033   0.8338     0.001555   0     
  8471.807846   0.943597   0.001609   1     
  8471.828659   0.99722    0.001639   0     
  8471.849533   0.998837   0.001642   0     
  8471.870346   0.994639   0.001638   0     
  8471.89116    0.998825   0.00164    0     
  8471.912034   0.998324   0.001638   0     
  8471.932847   1.003258   0.001645   0     
  8471.95366    0.997747   0.00164    0     
  8471.974534   0.9989     0.001639   0     
  8471.995347   0.99331    0.001637   0     
  8472.01616    0.98942    0.001636   1     
  8472.037034   0.98276    0.001631   0     
  8472.057847   0.976581   0.00163    0     
  8472.07866    0.971182   0.001628   0     
  8472.099534   0.965922   0.001624   0     
  8472.120348   0.961066   0.001623   0     
  8472.141161   0.950519   0.001617   1     
  8472.162035   0.945108   0.001616   0     
  8472.182848   0.82864    0.001553   0     
  8472.203661   0.668089   0.001467   0     
  8472.224535   0.751667   0.001514   0     
  8472.245348   0.917646   0.001602   0     
  8472.266161   0.956608   0.001621   0     
  8472.287035   0.957118   0.001621   0     
  8472.307849   0.961747   0.001624   0     
  8472.328662   0.969411   0.001625   0     
  8472.349536   0.97369    0.001631   0     
  8472.370349   0.983351   0.001635   0     
  8472.391162   0.989133   0.001637   0     
  8472.412036   0.993693   0.00164    0     
  8472.432849   0.992818   0.001641   0     
  8472.453662   0.993952   0.001642   0     
  8472.474536   0.994844   0.001643   0     
  8472.49535    0.998743   0.001643   0     
  8472.516163   0.997989   0.001645   0     
  8472.537037   1.001662   0.001644   0     
  8472.55785    1.015541   0.001652   1     
  8472.578663   1.005471   0.001647   0     
  8472.599537   0.983726   0.001636   0     
  8472.62035    0.873376   0.00158    0     
  8472.641163   0.820813   0.001552   0     
  8472.662037   0.913226   0.001601   0     
  8472.68285    0.995109   0.001644   0     
  8472.703663   1.0012     0.001645   0     
  8472.724538   0.998635   0.001643   0     
  8472.745351   0.999934   0.001646   0     
  8472.766164   1.002362   0.001649   0     
  8472.787038   1.000448   0.001645   0     
  8472.807851   0.997216   0.00165    0     
  8472.828664   1.002378   0.001647   0     
  8472.849538   0.995088   0.001643   0     
  8472.870351   0.994076   0.001642   0     
  8472.891164   0.986981   0.001639   0     
  8472.912038   0.98183    0.001637   0     
  8472.932851   0.974679   0.001633   0     
  8472.953665   0.968104   0.00163    0     
  8472.974539   0.96119    0.001626   0     
  8472.995352   0.955052   0.001624   0     
  8473.016165   0.951413   0.001622   0     
  8473.037039   0.87572    0.001582   0     
  8473.057852   0.693847   0.001486   0     
  8473.078665   0.712809   0.001496   0     
  8473.099539   0.892907   0.001593   0     
  8473.120352   0.95627    0.001624   0     
  8473.141166   0.958076   0.001629   0     
  8473.16204    0.966564   0.00163    0     
  8473.182853   0.976973   0.001634   0     
  8473.203666   0.975945   0.001635   0     
  8473.22454    0.981981   0.001637   0     
  8473.245353   0.987219   0.00164    0     
  8473.266166   0.986812   0.001642   0     
  8473.28704    0.998705   0.001647   0     
  8473.307854   0.994593   0.001645   0     
  8473.328667   1.000211   0.001646   0     
  8473.349541   0.997726   0.001646   0     
  8473.370354   0.997121   0.001646   0     
  8473.391167   1.002163   0.001649   0     
  8473.412041   0.998702   0.001648   0     
  8473.432854   0.998005   0.001646   0     
  8473.453667   0.98982    0.001643   0     
  8473.474542   0.899828   0.001598   0     
  8473.495355   0.821303   0.001557   0     
  8473.516168   0.884403   0.001589   0     
  8473.537042   0.986244   0.001639   0     
  8473.557855   0.999316   0.001648   0     
  8473.578668   1.001485   0.001648   0     
  8473.599542   0.998951   0.001647   0     
  8473.620355   1.005567   0.00165    0     
  8473.641168   1.001893   0.001649   0     
  8473.662043   1.004114   0.00165    0     
  8473.682856   0.998751   0.001649   0     
  8473.703669   0.998307   0.001648   0     
  8473.724543   0.994193   0.001646   0     
  8473.745356   0.989996   0.001644   0     
  8473.766169   0.983261   0.00164    0     
  8473.787043   0.979735   0.001639   0     
  8473.807856   0.969924   0.001633   0     
  8473.828669   0.963236   0.001631   0     
  8473.849544   0.957409   0.001628   0     
  8473.870357   0.950678   0.001625   0     
  8473.89117    0.905828   0.001602   0     
  8473.912044   0.726397   0.001506   0     
  8473.932857   0.683336   0.001483   0     
  8473.95367    0.85565    0.001576   0     
  8473.974544   0.954837   0.001625   0     
  8473.995357   0.957111   0.001628   0     
  8474.01617    0.962414   0.001632   1     
  8474.037045   1.003739   0.001652   1     
  8474.057858   0.999981   0.001649   1     
  8474.078671   1.001758   0.001651   1     
  8474.099545   0.999547   0.001648   1     
  8474.120358   0.997872   0.001648   1     
  8474.141171   0.995327   0.001648   1     
  8474.162045   0.994646   0.001647   1     
  8474.182859   0.997423   0.001649   1     
  8474.203672   1.000848   0.00165    0     
  8474.224546   1.0022     0.001651   0     
  8474.245359   0.998566   0.001648   0     
  8474.266172   0.998404   0.001648   0     
  8474.287046   0.997821   0.001649   0     
  8474.307859   0.993374   0.001646   0     
  8474.328673   0.929906   0.001616   0     
  8474.349547   0.829534   0.001562   0     
  8474.37036    0.859545   0.001577   0     
  8474.391173   0.976654   0.001636   0     
  8474.412047   0.998991   0.001649   0     
  8474.43286    0.999144   0.001647   0     
  8474.453673   0.99965    0.001651   0     
  8474.474548   1.002      0.001649   0     
  8474.495361   1.00415    0.001649   0     
  8474.516174   1.000044   0.001649   0     
  8474.537048   0.999679   0.001649   0     
  8474.557861   0.998158   0.001647   0     
  8474.578674   0.996314   0.001645   0     
  8474.599548   0.987924   0.001644   0     
  8474.620361   0.985412   0.00164    0     
  8474.641175   0.847838   0.001571   1     
  8474.662049   0.970076   0.001632   0     
  8474.682862   0.965169   0.001628   1     
  8474.703675   0.957763   0.001626   1     
  8474.724549   0.953725   0.001621   0     
  8474.745362   0.928563   0.001613   0     
  8474.766175   0.762351   0.001524   0     
  8474.787049   0.666455   0.001476   0     
  8474.807863   0.81301    0.00155    0     
  8474.828676   0.945513   0.00162    0     
  8474.84955    0.95582    0.001623   0     
  8474.870363   0.965291   0.001628   0     
  8474.891176   0.966921   0.00163    0     
  8474.91205    0.973994   0.001634   0     
  8474.932863   0.981653   0.001635   0     
  8474.953676   0.982093   0.001636   0     
  8474.974551   0.989342   0.001646   0     
  8474.995364   0.994651   0.001642   0     
  8475.016177   0.993177   0.001642   1     
  8475.037051   0.992874   0.001643   1     
  8475.057864   0.99495    0.001643   1     
  8475.078677   0.993951   0.001642   1     
  8475.099551   0.995202   0.001643   1     
  8475.120365   0.993767   0.001642   1     
  8475.141178   0.995509   0.001642   1     
  8475.162052   0.994045   0.001642   1     
  8475.182865   0.951153   0.00162    1     
  8475.203678   0.841004   0.001563   1     
  8475.224552   0.838648   0.00156    1     
  8475.245366   0.956087   0.001623   1     
  8475.266179   1.014058   0.00165    1     
  8475.287053   1.019238   0.001653   1     
  8475.307866   1.027398   0.001657   1     
  8475.328679   1.03341    0.00166    1     
  8475.349553   1.036031   0.00166    1     
  8475.370367   1.033732   0.001661   1     
  8475.39118    1.038164   0.001663   1     
  8475.412054   1.031984   0.001659   1     
  8475.432867   1.023903   0.001653   1     
  8475.45368    1.013908   0.001648   1     
  8475.474554   1.012568   0.001646   1     
  8475.495368   1.004218   0.001643   1     
  8475.516181   0.991574   0.001636   1     
  8475.537055   0.978755   0.001629   1     
  8475.557868   0.971596   0.001625   1     
  8475.578681   0.963044   0.001622   1     
  8475.599555   0.951115   0.001617   1     
  8475.620368   0.822466   0.001552   1     
  8475.641182   0.672695   0.001467   1     
  8475.662056   0.764613   0.001518   1     
  8475.682869   0.926561   0.001601   1     
  8475.703682   0.950271   0.001614   1     
  8475.724556   0.951995   0.001616   1     
  8475.745369   0.961399   0.001618   1     
  8475.766182   0.965903   0.00162    1     
  8475.787057   0.969743   0.001623   1     
  8475.80787    0.97563    0.001624   1     
  8475.828683   0.978187   0.001625   1     
  8475.849557   0.980689   0.001626   1     
  8475.87037    0.981101   0.001627   1     
  8475.891183   0.990747   0.001632   1     
  8475.912057   0.989262   0.00163    1     
  8475.932871   0.990255   0.00163    1     
  8475.953684   0.987329   0.001629   1     
  8475.974558   0.98659    0.001629   1     
  8475.995371   0.986069   0.001628   1     
  8476.016184   0.979644   0.001626   1     
  8476.037058   0.960508   0.001614   1     
  8476.057872   0.853269   0.00156    1     
  8476.078685   0.8154     0.00154    1     
  8476.099559   0.909616   0.001588   1     
  8476.120372   0.981281   0.001624   1     
  8476.141185   0.984495   0.001626   1     
  8476.162059   0.988566   0.001627   1     
  8476.182873   0.996461   0.001632   1     
  8476.203686   0.992826   0.001632   1     
  8476.22456    0.988569   0.001629   1     
  8476.245373   0.990138   0.001629   1     
  8476.266186   0.984618   0.001626   1     
  8476.287061   0.981036   0.001623   1     
  8476.307874   0.976333   0.001621   1     
  8476.328687   0.970018   0.001621   1     
  8476.349561   0.969509   0.001617   1     
  8476.370374   0.9631     0.001616   1     
  8476.391187   0.95462    0.001611   1     
  8476.412001   0.945093   0.001608   1     
  8476.432814   0.938892   0.001604   1     
  8476.453688   0.933845   0.0016     1     
  8476.474501   0.846305   0.001557   1     
  8476.495314   0.669892   0.001468   1     
  8476.516188   0.709703   0.00149    1     
  8476.537002   0.886459   0.001577   1     
  8476.557815   0.934118   0.001601   1     
  8476.578689   0.940841   0.001605   1     
  8476.599502   0.940606   0.001606   1     
  8476.620315   0.951991   0.001612   1     
  8476.641189   0.956006   0.001614   1     
  8476.662003   0.96577    0.001618   1     
  8476.682816   0.96674    0.00162    1     
  8476.70369    0.971323   0.001622   1     
  8476.724503   0.96822    0.00162    1     
  8476.745316   0.975285   0.001624   1     
  8476.76619    0.975188   0.001625   1     
  8476.787004   0.974662   0.001624   1     
  8476.807817   0.973982   0.001625   1     
  8476.828691   0.974705   0.001624   1     
  8476.849504   0.974148   0.001624   1     
  8476.870317   0.972864   0.001625   1     
  8476.891191   0.961739   0.001616   1     
  8476.912004   0.868381   0.001572   1     
  8476.932818   0.799106   0.001535   1     
  8476.953692   0.870274   0.001573   1     
  8476.974505   0.962888   0.001619   1     
  8476.995318   0.970171   0.001633   1     
  8477.016192   0.969159   0.001663   1     
  8478.12032    0.913662   0.001903   1     
  8478.141194   0.917956   0.001865   1     
  8478.162007   0.917487   0.001829   1     
  8478.18282    0.888139   0.001788   1     
  8478.203694   0.725215   0.001678   1     
  8478.224507   0.646856   0.001617   1     
  8478.24532    0.798053   0.001688   1     
  8478.266194   0.913405   0.001739   1     
  8478.287007   0.924765   0.001736   1     
  8478.30782    0.928613   0.001731   1     
  8478.328694   0.970455   0.001742   1     
  8478.349507   0.957873   0.001729   1     
  8478.37032    0.954092   0.001718   1     
  8478.391194   0.962002   0.001715   1     
  8478.412007   0.965189   0.001708   1     
  8478.43282    0.964152   0.0017     1     
  8478.453694   0.965092   0.00169    1     
  8478.474507   0.976877   0.001695   1     
  8478.49532    0.983261   0.001693   1     
  8478.516194   0.985402   0.001688   1     
  8478.537006   0.982436   0.001688   1     
  8478.557819   0.972635   0.001681   1     
  8478.578693   0.974942   0.001681   1     
  8478.599506   0.983347   0.001686   1     
  8478.620319   0.933723   0.001655   1     
  8478.641193   0.829556   0.001599   1     
  8478.662006   0.836626   0.001603   1     
  8478.682819   0.945666   0.001658   1     
  8478.703693   0.985556   0.001677   1     
  8478.724506   0.9873     0.001676   1     
  8478.745319   0.98618    0.001677   1     
  8478.766193   0.9934     0.001677   1     
  8478.787006   0.986077   0.001676   1     
  8478.807819   0.995173   0.001677   1     
  8478.828692   0.991565   0.001674   1     
  8478.849505   0.985824   0.001674   1     
  8478.870318   0.986916   0.00167    1     
  8478.891192   0.982791   0.001668   1     
  8478.912005   0.976784   0.001664   1     
  8478.932818   0.97042    0.001662   1     
  8478.953692   0.967798   0.001658   1     
  8478.974505   0.965044   0.001655   1     
  8478.995318   0.95647    0.001652   1     
  8479.016192   0.949009   0.001647   0     
  8479.037005   0.936946   0.001639   0     
  8479.057818   0.79455    0.001565   0     
  8479.078692   0.666183   0.00149    0     
  8479.099505   0.781643   0.001554   0     
  8479.120318   0.934393   0.001634   0     
  8479.141192   0.954216   0.001644   0     
  8479.162005   0.958236   0.001645   0     
  8479.182818   0.964311   0.001649   0     
  8479.203692   0.974406   0.001654   0     
  8479.224505   0.979943   0.001654   0     
  8479.245318   0.982475   0.001656   0     
  8479.266192   0.989181   0.00166    0     
  8479.287005   0.997887   0.001658   0     
  8479.307818   0.993312   0.001659   0     
  8479.328692   1.00104    0.00166    0     
  8479.349505   0.997907   0.001662   0     
  8479.370318   0.999538   0.00166    0     
  8479.391192   1.001459   0.001661   0     
  8479.412005   1.001039   0.001665   0     
  8479.432818   1.00001    0.001659   0     
  8479.453692   0.997993   0.001659   0     
  8479.474505   0.968478   0.001643   0     
  8479.495318   0.856532   0.001587   0     
  8479.516192   0.827031   0.001569   0     
  8479.537005   0.932615   0.001622   0     
  8479.557818   0.997838   0.001658   0     
  8479.578692   1.00194    0.001656   0     
  8479.599505   0.994517   0.001654   0     
  8479.620317   1.003444   0.001662   0     
  8479.641191   1.001632   0.001656   0     
  8479.662004   1.005082   0.001656   0     
  8479.682817   1.00206    0.001655   0     
  8479.703691   1.001777   0.001654   0     
  8479.724504   1.000559   0.001651   0     
  8479.745317   0.994376   0.001649   0     
  8479.766191   0.98602    0.001644   0     
  8479.787004   0.979066   0.001642   0     
  8479.807817   0.977681   0.001639   0     
  8479.828691   0.9686     0.001639   0     
  8479.849504   0.965044   0.001632   0     
  8479.870317   0.956102   0.001629   0     
  8479.891191   0.954428   0.001625   0     
  8479.912004   0.848292   0.001571   0     
  8479.932817   0.675788   0.001478   0     
  8479.953691   0.738173   0.001513   0     
  8479.974504   0.913719   0.001606   0     
  8479.995317   0.957718   0.001626   0     
  8480.016191   0.965395   0.00163    0     
  8480.037004   0.970377   0.001631   0     
  8480.057817   0.975745   0.001635   0     
  8480.078691   0.985549   0.001639   0     
  8480.099504   0.982351   0.001638   0     
  8480.120317   0.987827   0.001641   0     
  8480.141191   0.990991   0.001641   0     
  8480.162004   0.998071   0.001644   0     
  8480.182817   0.998499   0.001644   0     
  8480.203691   0.999626   0.001643   0     
  8480.224504   1.003417   0.001648   0     
  8480.245317   0.999997   0.001644   0     
  8480.26613    0.997669   0.001643   0     
  8480.286943   0.996734   0.001642   0     
  8480.307817   0.998718   0.001642   0     
  8480.32863    0.984668   0.001637   0     
  8480.349443   0.884295   0.001583   0     
  8480.370317   0.819093   0.00155    0     
  8480.39113    0.903762   0.001594   0     
  8480.411943   0.992134   0.001637   0     
  8480.432817   0.998147   0.001641   0     
  8480.45363    1.001383   0.001641   0     
  8480.474443   0.999787   0.001642   0     
  8480.495317   1.002265   0.001642   0     
  8480.51613    1.001701   0.001642   0     
  8480.536943   1.002891   0.00164    0     
  8480.557817   0.995993   0.001638   0     
  8480.57863    0.994484   0.001636   0     
  8480.599443   0.993423   0.001636   0     
  8480.620317   0.990117   0.001634   0     
  8480.64113    0.982815   0.001631   0     
  8480.661943   0.976304   0.001625   0     
  8480.682817   0.972246   0.001625   0     
  8480.70363    0.964536   0.001618   0     
  8480.724443   0.957262   0.001616   0     
  8480.745317   0.952806   0.001613   0     
  8480.76613    0.888323   0.00158    0     
  8480.786943   0.703133   0.001482   0     
  8480.807817   0.704286   0.001483   0     
  8480.82863    0.883942   0.001577   0     
  8480.849443   0.953335   0.001613   0     
  8480.870317   0.959119   0.001617   0     
  8480.89113    0.968549   0.001619   0     
  8480.911943   0.99834    0.001633   1     
  8480.932817   0.990519   0.001634   1     
  8480.95363    0.988484   0.001629   0     
  8480.974443   0.990748   0.00163    0     
  8480.995317   0.994568   0.001631   0     
  8481.01613    0.995659   0.001634   0     
  8481.036943   0.996656   0.001631   0     
  8481.057817   0.994868   0.001631   0     
  8481.078631   1.005325   0.001635   0     
  8481.099444   0.99663    0.001632   0     
  8481.120318   1.002829   0.001634   0     
  8481.141131   1.000307   0.001633   0     
  8481.161944   0.996174   0.001632   0     
  8481.182818   0.989724   0.001629   0     
  8481.203631   0.907627   0.001586   0     
  8481.224444   0.818821   0.001542   0     
  8481.245318   0.874453   0.001569   0     
  8481.266131   0.980357   0.001622   0     
  8481.286944   0.836019   0.001562   1     
  8481.307818   1.024956   0.001646   1     
  8481.328631   1.0024     0.001636   0     
  8481.349444   1.001782   0.001634   0     
  8481.370318   1.00046    0.001634   0     
  8481.391131   1.000599   0.001634   0     
  8481.411944   1.001713   0.001636   0     
  8481.432818   0.996588   0.001633   0     
  8481.453631   0.990626   0.001629   0     
  8481.474444   0.985133   0.001627   0     
  8481.495318   0.983375   0.001626   0     
  8481.516131   0.975726   0.001622   0     
  8481.536944   0.971105   0.00162    0     
  8481.557818   0.966501   0.001616   0     
  8481.578631   0.957361   0.001611   0     
  8481.599444   0.95334    0.00161    0     
  8481.620318   0.917421   0.001591   0     
  8481.641131   0.737757   0.001498   0     
  8481.661944   0.676181   0.001465   0     
  8481.682818   0.844266   0.001554   0     
  8481.703631   0.949981   0.001608   0     
  8481.724444   0.958263   0.001611   0     
  8481.745319   0.963656   0.001613   0     
  8481.766132   0.967289   0.001616   0     
  8481.786945   0.975098   0.00162    0     
  8481.807819   0.980556   0.001622   0     
  8481.828632   0.985318   0.001625   0     
  8481.849445   0.992944   0.001629   0     
  8481.870319   0.994058   0.001629   0     
  8481.891132   0.99644    0.001629   0     
  8481.911945   0.996829   0.001629   0     
  8481.932819   0.998142   0.001631   0     
  8481.953632   0.994253   0.001633   0     
  8481.974445   0.999751   0.00163    0     
  8481.995319   0.999512   0.00163    0     
  8482.016132   0.999068   0.001631   0     
  8482.036945   0.997647   0.00163    0     
  8482.057819   0.937669   0.001599   0     
  8482.078632   0.829764   0.001546   0     
  8482.099445   0.86439    0.001562   0     
  8482.120319   0.96606    0.001613   0     
  8482.141132   0.994667   0.001629   0     
  8482.161945   0.998062   0.001631   0     
  8482.182819   0.998679   0.001629   0     
  8482.203632   0.999429   0.001629   0     
  8482.224445   1.005137   0.001632   0     
  8482.245319   0.999894   0.001631   0     
  8482.266133   1.002378   0.001631   0     
  8482.286946   1.001622   0.001631   0     
  8482.30782    1.008647   0.001634   0     
  8482.328633   0.999844   0.00163    0     
  8482.349446   0.986248   0.001623   0     
  8482.37032    0.979948   0.001619   0     
  8482.391133   0.973656   0.001618   0     
  8482.411946   0.965737   0.001612   0     
  8482.43282    0.959229   0.001611   0     
  8482.453633   0.958002   0.001608   0     
  8482.474446   0.936032   0.001597   0     
  8482.49532    0.784604   0.00152    0     
  8482.516133   0.666329   0.001455   0     
  8482.536946   0.796889   0.001526   0     
  8482.55782    0.94098    0.0016     0     
  8482.578633   0.955896   0.001613   0     
  8482.599446   0.967443   0.001613   0     
  8482.62032    0.972881   0.001617   0     
  8482.641133   0.97894    0.001621   0     
  8482.661946   0.982657   0.00162    0     
  8482.682821   0.988595   0.001624   0     
  8482.703634   0.992938   0.001627   0     
  8482.724447   0.994461   0.001628   0     
  8482.745321   0.994714   0.001627   0     
  8482.766134   0.998022   0.001629   0     
  8482.786947   0.998208   0.001629   0     
  8482.80776    1.000945   0.001629   0     
  8482.828573   1.001113   0.001629   0     
  8482.849447   0.999184   0.001628   0     
  8482.87026    0.998097   0.001628   0     
  8482.891073   0.995245   0.001628   0     
  8482.911947   0.962754   0.001611   0     
  8482.93276    0.851294   0.001555   0     
  8482.953573   0.831615   0.001545   0     
  8482.974447   0.942929   0.001603   0     
  8482.99526    0.996355   0.001627   0     
  8483.016073   0.998876   0.001628   0     
  8483.036947   1.00311    0.00163    0     
  8483.05776    1.000651   0.001636   0     
  8483.078573   1.005317   0.001631   0     
  8483.099447   1.005113   0.001631   0     
  8483.12026    0.998723   0.001628   0     
  8483.141074   0.998637   0.001627   0     
  8483.161948   0.99519    0.001626   0     
  8483.182761   0.993517   0.001625   0     
  8483.203574   0.991327   0.001625   0     
  8483.224448   0.98595    0.00162    0     
  8483.245261   0.980028   0.001616   0     
  8483.266074   0.973875   0.001614   0     
  8483.286948   0.962309   0.001608   0     
  8483.307761   0.953249   0.001604   0     
  8483.328574   0.950804   0.001602   0     
  8483.349448   0.833879   0.001544   0     
  8483.370261   0.673332   0.001458   0     
  8483.391074   0.752982   0.001505   0     
  8483.411949   0.925344   0.001593   0     
  8483.432762   0.957261   0.001604   0     
  8483.453575   0.963144   0.001608   0     
  8483.474449   0.966418   0.001611   0     
  8483.495262   0.976538   0.001615   0     
  8483.516075   0.984423   0.001618   0     
  8483.536949   0.988665   0.001622   0     
  8483.557762   0.992524   0.001622   0     
  8483.578575   0.996755   0.001623   0     
  8483.599449   0.997755   0.001623   0     
  8483.620262   0.993083   0.001622   0     
  8483.641075   0.998056   0.001625   0     
  8483.661949   0.998018   0.001625   0     
  8483.682762   0.999267   0.001625   0     
  8483.703575   1.00262    0.001627   0     
  8483.724449   1.000701   0.001625   0     
  8483.745262   0.996907   0.001624   0     
  8483.766075   0.981515   0.001619   0     
  8483.78695    0.869302   0.001562   0     
  8483.807763   0.823798   0.001538   0     
  8483.828576   0.914901   0.001583   0     
  8483.84945    0.994973   0.001622   0     
  8483.870263   1.002236   0.001626   0     
  8483.891076   0.998669   0.001625   0     
  8483.91195    1.003633   0.001627   0     
  8483.932763   1.00241    0.001625   0     
  8483.953576   1.004813   0.001627   0     
  8483.97445    1.005186   0.001627   0     
  8483.995263   1.002373   0.001626   0     
  8484.016076   0.999273   0.001624   0     
  8484.03695    0.995364   0.001622   0     
  8484.057763   0.991749   0.001621   0     
  8484.078576   0.981681   0.001616   0     
  8484.099451   0.980425   0.001615   0     
  8484.120264   0.972572   0.001612   0     
  8484.141077   0.965861   0.001609   0     
  8484.161951   0.95577    0.001605   0     
  8484.182764   0.954436   0.001602   0     
  8484.203577   0.87912    0.001564   0     
  8484.224451   0.692855   0.001467   0     
  8484.245264   0.715484   0.001479   0     
  8484.266077   0.895772   0.001573   0     
  8484.286951   0.957958   0.001605   0     
  8484.307764   0.962219   0.001609   0     
  8484.328578   0.968251   0.00161    0     
  8484.349452   0.973747   0.001612   0     
  8484.370265   0.978074   0.001614   0     
  8484.391078   0.987431   0.001619   0     
  8484.411952   0.843211   0.001553   1     
  8484.432765   0.995456   0.001625   0     
  8484.453578   0.999111   0.001626   0     
  8484.474452   0.99957    0.001628   0     
  8484.495265   0.996014   0.001625   0     
  8484.516078   0.9968     0.001629   0     
  8484.536952   0.998387   0.001628   0     
  8484.557765   1.001836   0.001629   0     
  8484.578579   0.999381   0.001627   0     
  8484.599453   1.002545   0.001628   0     
  8484.620266   0.992873   0.001623   0     
  8484.641079   0.901503   0.001578   0     
  8484.661953   0.822232   0.001537   0     
  8484.682766   0.885329   0.00157    0     
  8484.703579   0.986333   0.001619   0     
  8484.724392   0.993727   0.001624   0     
  8484.745205   1.000264   0.001628   0     
  8484.766079   1.005061   0.001629   0     
  8484.786892   1.002455   0.00163    0     
  8484.807705   1.002836   0.001628   0     
  8484.828579   0.999622   0.001626   0     
  8484.849392   1.000454   0.001627   0     
  8484.870205   0.997446   0.001625   0     
  8484.891079   0.996983   0.001624   0     
  8484.911893   0.989176   0.001623   0     
  8484.932706   0.984511   0.001622   0     
  8484.95358    0.981097   0.001617   0     
  8484.974393   0.971638   0.001613   0     
  8484.995206   0.965527   0.00161    0     
  8485.01608    0.959354   0.001608   0     
  8485.036893   0.954034   0.001603   0     
  8485.057706   0.912264   0.001583   0     
  8485.07858    0.728222   0.001487   0     
  8485.099393   0.68618    0.001464   0     
  8485.120206   0.861203   0.001556   0     
  8485.141081   0.955746   0.001605   0     
  8485.161894   0.963851   0.001607   0     
  8485.182707   0.966422   0.00161    0     
  8485.203581   0.975068   0.001613   0     
  8485.224394   0.974486   0.001614   0     
  8485.245207   0.982779   0.001618   0     
  8485.266081   0.987125   0.00162    0     
  8485.286894   0.990143   0.001621   0     
  8485.307707   0.994222   0.001625   0     
  8485.328582   0.999099   0.001624   0     
  8485.349395   0.99773    0.001626   0     
  8485.370208   1.004004   0.001626   0     
  8485.391082   0.999362   0.001626   0     
  8485.411895   0.999734   0.001625   0     
  8485.432708   1.000421   0.001626   0     
  8485.453582   0.997228   0.001624   0     
  8485.474395   0.997573   0.001626   0     
  8485.495208   0.930016   0.001592   0     
  8485.516082   0.832622   0.00154    0     
  8485.536896   0.857554   0.001555   0     
  8485.557709   0.970166   0.001609   0     
  8485.578583   0.995889   0.001624   0     
  8485.599396   0.997585   0.001625   0     
  8485.620209   0.998383   0.001625   0     
  8485.641083   1.00132    0.001626   0     
  8485.661896   1.00105    0.001626   0     
  8485.682709   1.00308    0.001628   0     
  8485.703583   0.999589   0.001626   0     
  8485.724396   0.997733   0.001625   0     
  8485.745209   0.993722   0.001622   0     
  8485.766083   0.990602   0.001621   0     
  8485.786896   0.98486    0.001618   0     
  8485.80771    0.980009   0.001615   0     
  8485.828584   0.973497   0.001612   0     
  8485.849397   0.970531   0.00161    0     
  8485.87021    0.959967   0.001606   0     
  8485.891084   0.951356   0.001602   0     
  8485.911897   0.928318   0.001594   0     
  8485.93271    0.769686   0.00151    0     
  8485.953584   0.665499   0.001452   0     
  8485.974397   0.816499   0.001532   0     
  8485.99521    0.948145   0.0016     0     
  8486.016084   0.958684   0.001605   0     
  8486.036898   0.96468    0.001607   0     
  8486.057711   0.971527   0.001611   0     
  8486.078585   0.9797     0.001614   0     
  8486.099398   0.981553   0.001616   0     
  8486.120211   0.98858    0.001619   0     
  8486.141085   0.989121   0.001619   0     
  8486.161898   0.996746   0.001624   0     
  8486.182711   0.999453   0.001623   0     
  8486.203586   0.997447   0.001622   0     
  8486.224399   1.000547   0.001624   0     
  8486.245212   0.99933    0.001624   0     
  8486.266086   1.002025   0.001626   0     
  8486.286899   0.998282   0.001622   0     
  8486.307712   0.99962    0.001623   0     
  8486.328525   0.996096   0.001623   0     
  8486.349338   0.954434   0.0016     0     
  8486.370213   0.84063    0.001543   0     
  8486.391026   0.831108   0.001538   0     
  8486.411839   0.9479     0.001596   0     
  8486.432713   0.997083   0.001621   0     
  8486.453526   0.993818   0.001621   0     
  8486.474339   0.994873   0.00162    0     
  8486.495213   1.001102   0.001622   0     
  8486.516026   0.999694   0.001622   0     
  8486.536839   1.0003     0.001622   0     
  8486.557713   1.000848   0.001627   0     
  8486.578527   0.998122   0.001619   0     
  8486.59934    0.998732   0.001621   0     
  8486.620214   0.992376   0.001617   0     
  8486.641027   0.987708   0.001614   0     
  8486.66184    0.977641   0.001612   0     
  8486.682714   0.973291   0.001608   0     
  8486.703527   0.971861   0.001606   0     
  8486.72434    0.958879   0.0016     0     
  8486.745214   0.957661   0.001599   0     
  8486.766027   0.947022   0.001596   0     
  8486.78684    0.819927   0.00153    0     
  8486.807715   0.669116   0.001451   0     
  8486.828528   0.766352   0.001502   0     
  8486.849341   0.932343   0.00159    0     
  8486.870215   0.956296   0.001598   0     
  8486.891028   0.962674   0.001603   0     
  8486.911841   0.975443   0.001607   0     
  8486.932715   0.977596   0.001608   0     
  8486.953528   0.978244   0.001609   0     
  8486.974341   0.987235   0.001612   0     
  8486.995216   0.987515   0.001614   0     
  8487.016029   0.989026   0.001614   0     
  8487.036842   0.997009   0.001618   0     
  8487.057716   0.998036   0.001617   0     
  8487.078529   1.000182   0.001619   0     
  8487.099342   0.996608   0.001618   0     
  8487.120216   0.998848   0.001618   0     
  8487.141029   1.000445   0.001619   0     
  8487.161843   1.000083   0.001619   0     
  8487.182717   0.996236   0.001617   0     
  8487.20353    0.975999   0.001607   0     
  8487.224343   0.863782   0.001551   0     
  8487.245217   0.834555   0.001535   0     
  8487.26603    0.925634   0.001582   0     
  8487.286843   0.99664    0.001617   0     
  8487.307718   1.000074   0.001618   0     
  8487.328531   1.006163   0.001624   0     
  8487.349344   1.008663   0.001623   0     
  8487.370218   1.002434   0.00162    0     
  8487.391031   1.003309   0.001619   0     
  8487.411844   1.002449   0.001622   0     
  8487.432718   1.002651   0.001619   0     
  8487.453532   0.994359   0.001617   0     
  8487.474345   0.993907   0.001615   0     
  8487.495219   0.989369   0.001612   0     
  8487.516032   0.98166    0.001609   0     
  8487.536845   0.82903    0.001541   1     
  8487.557719   0.968538   0.001605   0     
  8487.578532   0.963606   0.001602   0     
  8487.599345   0.956579   0.001599   0     
  8487.620219   0.950495   0.001596   0     
  8487.641033   0.863747   0.001552   0     
  8487.661846   0.685456   0.00146    0     
  8487.68272    0.724788   0.001481   0     
  8487.703533   0.906199   0.001574   0     
  8487.724346   0.950599   0.001597   0     
  8487.745159   0.957204   0.0016     0     
  8487.765972   0.966443   0.001604   0     
  8487.786846   0.974423   0.001606   0     
  8487.807659   0.978034   0.00161    0     
  8487.828473   0.983496   0.001612   0     
  8487.849347   0.985361   0.001613   0     
  8487.87016    0.987093   0.001614   0     
  8487.890973   0.992304   0.001616   0     
  8487.911847   0.996731   0.001617   0     
  8487.93266    0.998769   0.001619   0     
  8487.953473   1.002677   0.001621   0     
  8487.974347   0.995876   0.001619   0     
  8487.995161   1.001804   0.001619   0     
  8488.015974   0.994603   0.001618   0     
  8488.036848   1.049672   0.001645   1     
  8488.057661   1.000829   0.00162    0     
  8488.078474   0.901328   0.001571   0     
  8488.099348   0.827076   0.001533   0     
  8488.120161   0.894357   0.00157    0     
  8488.140975   0.989948   0.001614   0     
  8488.161849   0.992962   0.001616   0     
  8488.182662   0.997353   0.001619   0     
  8488.203475   0.999963   0.00162    0     
  8488.224349   0.9978     0.001618   0     
  8488.245162   1.000785   0.001621   0     
  8488.265976   1.000859   0.00162    0     
  8488.28685    1.003021   0.00162    0     
  8488.307663   0.995468   0.001617   0     
  8488.328476   0.990981   0.001617   0     
  8488.34935    0.986008   0.001613   0     
  8488.370163   0.978229   0.00161    0     
  8488.390976   0.978361   0.00161    0     
  8488.411851   0.971154   0.001605   0     
  8488.432664   0.961021   0.0016     0     
  8488.453477   0.952978   0.001596   0     
  8488.474351   0.945804   0.001593   0     
  8488.495164   0.896275   0.001571   0     
  8488.515977   0.710905   0.001473   0     
  8488.536851   0.689245   0.001461   0     
  8488.557665   0.866177   0.001553   0     
  8488.578478   0.951112   0.001595   0     
  8488.599352   0.955822   0.001598   0     
  8488.620165   0.962457   0.001601   0     
  8488.640978   0.969235   0.001603   0     
  8488.661852   0.977456   0.001608   0     
  8488.682665   0.979795   0.001609   0     
  8488.703478   0.986999   0.001613   0     
  8488.724353   0.987359   0.001611   0     
  8488.745166   0.990237   0.001614   0     
  8488.765979   0.995229   0.001617   0     
  8488.786853   0.992834   0.001617   0     
  8488.807666   0.994593   0.001617   0     
  8488.828479   0.995897   0.001615   0     
  8488.849353   0.997147   0.001616   0     
  8488.870167   0.998214   0.001617   0     
  8488.89098    0.996878   0.001617   0     
  8488.911854   0.995309   0.001616   0     
  8488.932667   0.918398   0.001577   0     
  8488.95348    0.821827   0.001528   0     
  8488.974293   0.866655   0.00155    0     
  8488.995106   0.975595   0.001606   0     
  8489.015981   0.996728   0.001616   0     
  8489.036794   0.999508   0.001617   0     
  8489.057607   1.000603   0.001616   0     
  8489.078481   0.999199   0.001616   0     
  8489.099294   0.998594   0.001616   0     
  8489.120107   0.998943   0.001617   0     
  8489.140982   0.998189   0.001615   0     
  8489.161795   0.992801   0.001614   0     
  8489.182608   0.991965   0.001611   0     
  8489.203482   0.989429   0.001611   0     
  8489.224295   0.981114   0.001605   0     
  8489.245108   0.97743    0.001605   0     
  8489.265983   0.970435   0.0016     0     
  8489.286796   0.967206   0.0016     0     
  8489.307609   0.961451   0.001599   0     
  8489.328483   0.950173   0.001593   0     
  8489.349296   0.924497   0.001578   0     
  8489.37011    0.755395   0.001493   0     
  8489.390984   0.671099   0.00145    0     
  8489.411797   0.824591   0.001529   0     
  8489.43261    0.946597   0.001591   0     
  8489.453484   0.95762    0.001596   0     
  8489.474297   0.965557   0.001599   0     
  8489.495111   0.971371   0.001602   0     
  8489.515985   0.975717   0.001604   0     
  8489.536798   0.981867   0.001605   0     
  8489.557611   0.984192   0.001608   0     
  8489.578485   0.999294   0.001614   0     
  8489.599298   0.996362   0.001613   0     
  8489.620111   0.998186   0.001614   0     
  8489.640986   0.999882   0.001614   0     
  8489.661799   0.999748   0.001616   0     
  8489.682612   0.995543   0.001614   0     
  8489.703486   1.000503   0.001619   0     
  8489.724299   1.0004     0.001617   0     
  8489.745112   1.002367   0.001618   0     
  8489.765987   1.001019   0.001614   0     
  8489.7868     0.948668   0.00159    0     
  8489.807613   0.835733   0.001535   0     
  8489.828487   0.843822   0.001538   0     
  8489.8493     0.955279   0.001592   0     
  8489.870113   1.001311   0.001614   0     
  8489.890987   0.998348   0.001615   0     
  8489.911801   0.999863   0.001616   0     
  8489.932614   1.002949   0.00162    0     
  8489.953488   1.004059   0.001618   0     
  8489.974301   1.002439   0.001619   0     
  8489.995114   1.002014   0.001618   0     
  8490.015988   0.995963   0.001616   0     
  8490.036802   0.992224   0.001614   0     
